time_ns,intensity,fit,wres
0.00977,18,NaN,NaN
0.01954,225,NaN,NaN
0.02931,1686,NaN,NaN
0.03908,5472,NaN,NaN
0.04885,9270,NaN,NaN
0.05862,10428,NaN,NaN
0.06839,10776,NaN,NaN
0.07816,10515,NaN,NaN
0.08793,10581,NaN,NaN
0.0977,10488,NaN,NaN
0.10747,10398,NaN,NaN
0.11724,9801,NaN,NaN
0.12701,10044,NaN,NaN
0.13678,10047,NaN,NaN
0.14655,9924,NaN,NaN
0.15632,9987,NaN,NaN
0.16609,9780,NaN,NaN
0.17586,9399,NaN,NaN
0.18563,9678,NaN,NaN
0.1954,9819,NaN,NaN
0.20517,9387,NaN,NaN
0.21494,9237,NaN,NaN
0.22471,9438,NaN,NaN
0.23448,9402,NaN,NaN
0.24425,9165,NaN,NaN
0.24425,9165,5997.25502710852,33.089025402746
0.25402,9411,6182.25954404205,33.2824469709227
0.26379,9156,6356.61629063271,29.2556356701678
0.27356,9063,6526.53342708697,26.6436152344261
0.28333,8793,6682.84803614114,22.5032474515004
0.2931,8730,6833.24999448347,20.3003241258268
0.30287,8466,6975.49607886496,16.1992157945964
0.31264,8475,7108.76338731335,14.8407574083584
0.32241,8649,7230.64841732862,15.251092286789
0.33218,8388,7346.35713102946,11.373382210189
0.34195,8433,7452.02337399393,10.6823698265923
0.35172,8352,7550.86152701729,8.76621959283702
0.36149,8139,7639.94098275973,5.53179888953602
0.37126,8160,7722.15055681686,4.84707480635543
0.38103,8088,7797.5662129033,3.22943513967706
0.3908,8022,7863.54072278232,1.76919760106856
0.40057,7842,7922.39473206572,-0.907850157336729
0.41034,7737,7978.72161794452,-2.74807887780538
0.42011,7812,8025.77858088362,-2.41870594727263
0.42988,7737,8065.20905940315,-3.73133520832698
0.43965,7629,8097.8560638192,-5.36791623009354
0.44942,7839,8126.34002776229,-3.245381806284
0.45919,7599,8150.16356648345,-6.32269568488129
0.46896,7698,8162.30707700214,-5.29195752679012
0.47873,7335,8173.59754236941,-9.79159690141275
0.4885,7164,8178.68997523147,-11.9882442058661
0.49827,7149,8176.37001808111,-12.1507822739439
0.50804,7485,8173.08342672083,-7.95326027372925
0.51781,6993,8162.8085326508,-13.988882447386
0.52758,7053,8148.92798066366,-13.0495361055768
0.53735,6885,8131.30197959104,-15.0200477229435
0.54712,7194,8109.63830409225,-10.7953999197543
0.55689,7110,8085.95611806334,-11.574320139547
0.56666,6810,8057.47966471003,-15.1168017980919
0.57643,6804,8027.77921048319,-14.8361398570172
0.5862,6876,7994.97429139354,-13.4943563537908
0.59597,6747,7959.35215191835,-14.7595607390257
0.60574,6690,7921.38072835981,-15.054949169481
0.61551,6810,7881.31306735322,-12.9820371113216
0.62528,6480,7839.74277624352,-16.8915404421933
0.63505,6549,7795.89108723932,-15.4078139399207
0.64482,6480,7749.36232533325,-15.768780264013
0.65459,6342,7701.64168350885,-17.0730594170435
0.66436,6465,7652.20967941077,-14.7653302188353
0.67413,6399,7601.50879829984,-15.0325344413805
0.6839,6330,7550.29284615186,-15.3377696225229
0.69367,6159,7497.90048012419,-17.0605565743861
0.70344,5928,7444.38337944005,-19.6949516120677
0.71321,5895,7390.81913525045,-19.4821633279207
0.72298,6390,7336.33742509295,-11.838470234172
0.73275,5922,7281.40332681669,-17.6650197324534
0.74252,5601,7226.01686491757,-21.7132626746985
0.75229,5961,7170.42431243302,-15.6645936631774
0.76206,5703,7114.2846971569,-18.6880052149627
0.77183,5652,7057.86088193746,-18.6999855210062
0.7816,5685,7001.14944737365,-17.4558085975569
0.79137,5892,6944.69663125382,-13.7142437479158
0.80114,5493,6888.12783907152,-18.8238825926651
0.81091,5568,6831.47954699688,-16.9324032480817
0.82068,5679,6775.04204025965,-14.5442482289239
0.83045,5436,6718.54161302843,-17.3952927096048
0.84022,5706,6662.01821650417,-12.6561112578475
0.84999,5529,6606.18518837467,-14.4866203296515
0.85976,5409,6550.07906347421,-15.5151952849135
0.86953,5169,6494.73450985565,-18.439676402251
0.8793,5235,6439.40019729638,-16.6460990680374
0.88907,5529,6384.28091501457,-11.5023210723015
0.89884,5010,6329.71952686398,-18.6450168305634
0.90861,5130,6275.21864626069,-15.9893101944938
0.91838,4923,6221.38055990551,-18.5049146555945
0.92815,4950,6167.62028236651,-17.306501096644
0.93792,4926,6114.41977933288,-16.9325617304021
0.94769,5094,6061.37423727448,-13.5539240254079
0.95746,4905,6008.86447626968,-15.7614530108515
0.96723,4722,5956.79124151114,-17.9692747443965
0.977,5049,5904.96158848268,-12.0462421970945
0.98677,4854,5853.57235156545,-14.34710738512
0.99654,4776,5802.50344178649,-14.8534811975169
1.00631,4815,5751.8347915603,-13.5009666718851
1.01608,4668,5701.66533271894,-15.1291499512928
1.02585,4515,5651.94341086762,-16.9203745256944
1.03562,4575,5602.56069457029,-15.1918944524643
1.04539,4662,5553.55361102049,-13.0575389129518
1.05516,4512,5505.0882875275,-14.7843867323433
1.06493,4449,5456.94721748439,-15.1114656196798
1.0747,4440,5409.27136858919,-14.5463455208012
1.08447,4371,5361.92664456114,-14.9882560211114
1.09424,4266,5315.01849306013,-16.0610050571673
1.10401,4179,5268.54899817926,-16.854294574885
1.11378,4362,5222.41581627522,-13.027634164534
1.12355,4179,5176.68297975117,-15.4332139822762
1.13332,4173,5131.3194003438,-14.8349500305735
1.14309,4161,5086.3888217523,-14.3458204585755
1.15286,3903,5041.85001958916,-18.2291852324748
1.16263,4053,4997.68380062488,-14.8387789843912
1.1724,4188,4953.90462965946,-11.8350843680758
1.18217,4014,4910.50714483105,-14.150281219052
1.19194,3888,4867.47421132584,-15.7083249881463
1.20171,3915,4824.81839434066,-14.5408177034235
1.21148,3858,4782.53638903761,-14.8847963690587
1.22125,4071,4740.62491954055,-10.4949664844919
1.23102,3819,4699.08073868125,-14.2412361165268
1.24079,3738,4657.90062774787,-15.0460072483507
1.25056,3705,4617.08139623555,-14.9844046085727
1.26033,3828,4576.61988159923,-12.0997220008917
1.2701,3819,4536.51294900861,-11.6106067027538
1.27987,3822,4496.7574911053,-10.9144630113651
1.28964,3609,4457.35042776206,-14.1215328985896
1.29941,3660,4418.28870584415,-12.5341256733924
1.30918,3522,4379.56929897279,-14.4502229914738
1.31895,3603,4341.1892072907,-12.2980303426284
1.32872,3537,4303.14545722967,-12.8823086684072
1.33849,3420,4265.43510128015,-14.456635200106
1.34826,3366,4228.05521776295,-14.8586047067065
1.35803,3444,4191.00291060281,-12.728895544376
1.3678,3534,4154.29106902445,-10.4342744491408
1.37757,3324,4117.88518953748,-13.7697860503397
1.38734,3387,4081.79835078194,-11.9385389478042
1.39711,3495,4046.02775686359,-9.32072910682015
1.40688,3153,4010.57063638987,-15.2724220361001
1.41665,3462,3975.42424225512,-8.72595238926531
1.42642,3177,3940.5858514278,-13.5471913550578
1.43619,3189,3906.05276473949,-12.6976647090152
1.44596,3261,3871.82230667573,-10.6964456624942
1.45573,3264,3837.89182516884,-10.0451161646301
1.4655,3168,3804.25869139231,-11.304234066027
1.47527,3216,3770.92029955724,-9.78526501109096
1.48504,3294,3737.87406671037,-7.73388971480885
1.49481,2901,3705.11743253401,-14.9295120249122
1.50458,3051,3672.64785914768,-11.2544257041172
1.51435,3060,3640.46283091141,-10.4933389713605
1.52412,3156,3608.55985423095,-8.05577872515587
1.53389,2997,3576.93645736446,-10.5934406991305
1.54366,2919,3545.59019023111,-11.5975577530578
1.55343,2874,3514.51862422116,-11.9478119981382
1.5632,2874,3483.71935200787,-11.3733026862017
1.57297,2814,3453.18998736097,-12.0494692239712
1.58274,2895,3422.92816496175,-9.81184204614367
1.59251,2775,3392.93154021985,-11.7302932445466
1.60228,2829,3363.19778909158,-10.0435122249173
1.61205,2679,3333.72460789986,-12.6494693603636
1.62182,2691,3304.50971315574,-11.8267276008097
1.63159,2856,3275.55084138152,-7.85064781051841
1.64136,2766,3246.84574893532,-9.14280996559285
1.65113,2670,3218.39221183728,-10.6129385031588
1.6609,2589,3190.18802559729,-11.8152875766178
1.67067,2793,3162.23100504409,-6.98654876303635
1.68044,2643,3134.5189841561,-9.56074455617069
1.69021,2466,3107.04981589351,-12.9090785568837
1.69998,2700,3079.82137203197,-7.30966571288767
1.70975,2610,3052.83154299769,-8.6679878629046
1.71952,2451,3026.07823770402,-11.6159645395074
1.72929,2451,2999.5593833894,-11.0803120818924
1.73906,2502,2973.27292545679,-9.42169058633526
1.74883,2493,2947.21682731453,-9.09708138787642
1.7586,2469,2921.38907021845,-9.10440479415186
1.76837,2496,2895.78765311555,-8.00215735093274
1.77814,2358,2870.41059248895,-10.5522773751002
1.78791,2415,2845.25592220418,-8.75524471250743
1.79768,2334,2820.32169335688,-10.0663775891613
1.80745,2427,2795.6059741218,-7.48216845101808
1.81722,2355,2771.1068496031,-8.57451193356076
1.82699,2340,2746.82242168605,-8.41001851646141
1.83676,2322,2722.75080888991,-8.31655185811711
1.84653,2256,2698.8901462222,-9.32451968656144
1.8563,2274,2675.23858503416,-8.41409594709711
1.86607,2241,2651.79429287759,-8.67767684578619
1.87584,2298,2628.55545336282,-6.89555638716367
1.88561,2202,2605.52026601798,-8.59917315077624
1.89538,2136,2582.68694614957,-9.6650173233033
1.90515,2091,2560.05372470412,-10.2575955843966
1.91492,2187,2537.61884813115,-7.49740319820289
1.92469,2313,2515.38057824733,-4.20805120738765
1.93446,2034,2493.33719210177,-10.1848851717929
1.94423,2205,2471.48698184259,-5.67507625255989
1.954,2025,2449.82825458453,-9.44062787965633
1.96377,2187,2428.35933227787,-5.16106946155756
1.97354,2007,2407.07855157833,-8.93041380334969
1.98331,2139,2385.98426371828,-5.34027831439551
1.99308,1971,2365.07483437896,-8.87636984921491
2.00285,2076,2344.34864356386,-5.8895990464561
2.01262,1962,2323.80408547321,-8.16815489981884
2.02239,1920,2303.43956837958,-8.75077087673087
2.03216,1971,2283.25351450454,-7.03337904291069
2.04193,2118,2263.24435989641,-3.15599494597463
2.0517,1959,2243.41055430915,-6.42581903588941
2.06147,1875,2223.75056108215,-8.0540492128326
2.07124,1767,2204.26285702129,-10.4021787727565
2.08101,1962,2184.94593228083,-5.03326795431985
2.09078,1716,2165.79829024648,-10.8582330463338
2.10055,1836,2146.81844741945,-7.25388136116613
2.11032,1773,2128.00493330151,-8.4310180762957
2.12009,1674,2109.35629028102,-10.6406239960183
2.12986,1674,2090.87107352005,-10.1888233779284
2.13963,1848,2072.54785084244,-5.22345574219496
2.1494,1776,2054.38520262278,-6.60578852421484
2.15917,1839,2036.3817216765,-4.60273602652182
2.16894,1701,2018.53601315078,-7.69911542930122
2.17871,1728,2000.84669441651,-6.56367135286973
2.18848,1746,1983.31239496119,-5.67934567011682
2.19825,1623,1965.93175628271,-8.51232984416933
2.20802,1665,1948.7034317841,-6.95276371286207
2.21779,1623,1931.62608666922,-7.66078673121728
2.22756,1695,1914.69839783935,-5.33632213524241
2.23733,1584,1897.91905379064,-7.88751299974965
2.2471,1560,1881.28675451255,-8.13449361043508
2.25687,1542,1864.80021138708,-8.22037488263875
2.26664,1518,1848.45814708898,-8.48165450219
2.27641,1590,1832.25929548674,-6.07549807724633
2.28618,1587,1816.20240154453,-5.75348122741938
2.29595,1542,1800.28622122497,-6.57747266138984
2.30572,1635,1784.50952139267,-3.69751524031124
2.31549,1428,1768.87107971881,-9.02040532220918
2.32526,1608,1753.36968458635,-3.62519043904761
2.33503,1617,1738.00413499616,-3.00915945443982
2.3448,1389,1722.77324047404,-8.9557176357028
2.35457,1404,1707.67582097839,-8.10450809475233
2.36434,1395,1692.71070680887,-7.9708998043371
2.37411,1470,1677.87673851573,-5.421846612651
2.38388,1410,1663.17276680998,-6.74229004670641
2.39365,1365,1648.59765247436,-7.6760236810706
2.40342,1332,1634.15026627506,-8.27886629827734
2.41319,1395,1619.82948887427,-6.01957970570269
2.42296,1428,1605.63421074339,-4.70069969361413
2.43273,1338,1591.56333207716,-6.93199743731235
2.4425,1356,1577.61576270834,-6.01825800465704
2.45227,1362,1563.79042202334,-5.46779212075043
2.46204,1359,1550.08623887846,-5.18345919430933
2.47181,1353,1536.50215151689,-4.98875599073092
2.48158,1290,1523.03710748647,-6.48828959829668
2.49135,1296,1509.69006355814,-5.93583509883724
2.50112,1293,1496.45998564512,-5.65821892666329
2.51089,1407,1483.34584872277,-2.03534661252576
2.52066,1305,1470.34663674921,-4.57709693034686
2.53043,1164,1457.46134258659,-8.60150428348227
2.5402,1329,1444.68896792301,-3.17343389612432
2.54997,1191,1432.02852319526,-6.98413393191428
2.55974,1284,1419.47902751209,-3.78085096649663
2.56951,1185,1407.03950857824,-6.4501688310527
2.57928,1143,1394.70900261907,-7.44518739842236
2.58905,1203,1382.48655430597,-5.17486597756983
2.59882,1260,1370.37121668225,-3.1093567792856
2.60859,1299,1358.36205108985,-1.6470406684432
2.61836,1137,1346.45812709657,-6.21179312249362
2.62813,1203,1334.65852242398,-3.79591223968543
2.6379,1269,1322.96232287602,-1.51481579584178
2.64767,1158,1311.3686222681,-4.50694477510937
2.65744,1200,1299.87652235694,-2.88318685342506
2.66721,1155,1288.48513277094,-3.92773253059929
2.67698,1197,1277.19357094126,-2.31788816183011
2.68675,1122,1266.00096203334,-4.29901504560349
2.69652,1170,1254.90643887924,-2.48226243699473
2.70629,1065,1243.90914191035,-5.48223602124002
2.71606,1053,1233.00821909087,-5.5472552473254
2.72583,1092,1222.20282585172,-3.94011675183722
2.7356,963,1211.49212502521,-8.00754681674547
2.74537,1116,1200.87528678006,-2.54067525279037
2.75514,921,1190.35148855721,-8.87543330672811
2.76491,1104,1179.91991500603,-2.28492093355005
2.77468,1005,1169.57975792116,-5.19150633508732
2.78445,990,1159.33021617991,-5.38166754521376
2.79422,948,1149.17049568017,-6.53371395700383
2.80399,984,1139.09980927891,-4.94440132983983
2.81376,936,1129.11737673116,-6.31223892542338
2.82353,945,1119.22242462961,-5.66745589684343
2.8333,1101,1109.41418634462,-0.25358202545696
2.84307,888,1099.6919019649,-7.10391509217573
2.85284,903,1090.05481823857,-6.2247945814852
2.86261,951,1080.50218851484,-4.19939618489378
2.87238,939,1071.03327268615,-4.30874301196379
2.88215,978,1061.64733713082,-2.67474689838611
2.89192,891,1052.34365465622,-5.40521580605424
2.90169,882,1043.12150444245,-5.42524325648728
2.91146,1008,1033.98017198644,-0.818298501128504
2.92123,981,1024.91894904663,-1.40222412720511
2.931,882,1015.93713358813,-4.50989787680248
2.94077,975,1007.03402972823,-1.02591000786388
2.95054,894,998.208947682605,-3.48526857876481
2.96031,813,989.461203711771,-6.18876461008374
2.97008,876,980.790120068174,-3.54053005085175
2.97985,831,972.195024943652,-4.89800114794731
2.98962,825,963.675252417401,-4.82805257597716
2.99939,915,955.230142404365,-1.32996748301409
3.00916,747,946.85904060411,-7.3124598980532
3.01893,810,938.561298450121,-4.5171835783451
3.0287,843,930.33627305956,-3.00802102727271
3.03847,663,922.183327183449,-10.0658463419133
3.04824,774,914.101829157309,-5.03585625630233
3.05801,780,906.09115285221,-4.51478750211238
3.06778,741,898.150677626267,-5.77307439412027
3.07755,777,890.279788276551,-4.06388976734835
3.08732,816,882.477874991429,-2.32719110947506
3.09709,672,874.744333303317,-7.82103245363319
3.10686,732,867.078564041842,-4.99264738948645
3.11663,837,859.479973287426,-0.777021546596353
3.1264,786,851.947972325271,-2.35228627182127
3.13617,804,844.481977599743,-1.42768927106322
3.14594,696,837.081410669166,-5.34767707068231
3.15571,792,829.745698161,-1.34123498121131
3.16548,762,822.474271727422,-2.19075171992981
3.17525,759,815.266568001291,-2.0423470296494
3.18502,723,808.122028552499,-3.16572230474782
3.19479,738,801.040099844707,-2.32053814325391
3.20456,750,794.020233192458,-1.60739164707646
3.21433,690,787.06188471867,-3.69508280096679
3.2241,735,780.16451531249,-1.66591824423623
3.23387,678,773.327590587534,-3.6610340607725
3.24364,702,766.550580840479,-2.43630467421229
3.25341,744,759.832961010028,-0.580464513591554
3.26318,630,753.174210636225,-4.90737801615322
3.27295,654,746.573813820131,-3.61992257617463
3.28272,675,740.03125918386,-2.50305433303614
3.29249,666,733.546039830955,-2.61735587894816
3.30226,732,727.117653307114,0.180456726377803
3.31203,672,720.745601561264,-1.8804024042051
3.3218,642,714.429390906972,-2.85856004400179
3.33157,627,708.168531984196,-3.24155892765356
3.34134,624,701.962539721373,-3.12099938788482
3.35111,657,695.810933297834,-1.51415871897699
3.36088,573,689.713236106552,-4.87576538627843
3.37065,573,683.668975717219,-4.62326278610156
3.38042,600,677.677683839641,-3.1711781634726
3.39019,552,671.738896287457,-5.0964258725271
3.39996,588,665.852152942173,-3.21056867558252
3.40973,624,660.016997717519,-1.44183383752708
3.4195,546,654.232978524107,-4.63194387950999
3.42927,594,648.499647234409,-2.23614761197704
3.43904,597,642.816559648035,-1.87514695704697
3.44881,561,637.183275457317,-3.2164604108706
3.45858,630,631.599358213199,-0.063719956432994
3.46835,573,626.064375291418,-2.21679608004511
3.47812,528,620.577897858989,-4.02893586314972
3.48789,522,615.139500840979,-4.07660520458801
3.49766,519,609.748762887571,-3.98342857464469
3.50743,564,604.405266341426,-1.70136863353181
3.5172,534,599.108597205316,-2.81752455633501
3.52697,522,593.858345110057,-3.14515432253482
3.53674,525,588.654103282706,-2.77809282464321
3.54651,543,583.495468515053,-1.73782689083031
3.55628,624,578.382041132378,1.82617988345719
3.56605,504,573.313424962487,-3.08746533944631
3.57582,498,568.289227305015,-3.14973559008083
3.58559,483,563.309058901007,-3.6541887084704
3.59536,561,558.372533902752,0.110931705574134
3.60513,615,553.479269843892,2.48075527410197
3.6149,474,548.628887609793,-3.42781833468483
3.62467,516,543.821011408167,-1.22475173546079
3.63444,507,539.055268739958,-1.42362446430466
3.64421,474,534.331290370486,-2.77110794372886
3.65398,450,529.648710300834,-3.75467621109883
3.66375,408,525.007165739497,-5.79271788338138
3.67352,420,520.40629707427,-4.89932563196363
3.68329,465,515.845747844388,-2.35791509594565
3.69306,438,511.325164712908,-3.50361189371334
3.70283,459,506.844197439336,-2.23317589368685
3.7126,510,502.402498852486,0.336423005457307
3.72237,465,497.99972482359,-1.53032559500811
3.73214,351,493.635534239629,-7.61332158826469
3.74191,465,489.309588976907,-1.12733019485345
3.75168,447,485.021553874856,-1.79835778869195
3.76145,411,480.771096710068,-3.44155439904282
3.77122,444,476.557888170553,-1.54512899409481
3.78099,366,472.381601830228,-5.56065540618664
3.79076,429,468.241914123624,-1.89461746733201
3.80053,408,464.138504320821,-2.77927010598233
3.8103,435,460.071054502594,-1.20206505635338
3.82007,435,456.039249535785,-1.00875480432023
3.82984,438,452.042777048885,-0.670989842053206
3.83961,393,448.081327407837,-2.77848542272559
3.84938,420,444.15459369204,-1.17862348730521
3.85915,363,440.262271670576,-4.05521757701902
3.86892,438,436.404059778634,0.0762569734841316
3.87869,405,432.579659094149,-1.37044427846195
3.88846,390,428.788773314643,-1.96414588683116
3.89823,384,425.031108734264,-2.093859999575
3.908,417,421.306374221036,-0.210884052903066
3.91777,447,417.614281194298,1.3898968060191
3.92754,390,413.954543602351,-1.21298546633114
3.93731,462,410.326877900292,2.40405121078854
3.94708,426,406.731003028045,0.933585953788286
3.95685,372,403.16664038859,-1.61591502850011
3.96662,456,399.633513826372,2.63960255994678
3.97639,390,396.131349605912,-0.310472955962976
3.98616,381,392.659876390591,-0.597353563126766
3.99593,471,389.218825221637,3.76827762221232
4.0057,408,385.807929497278,1.09867120409178
4.01547,339,382.426924952092,-2.35862680087905
4.02524,327,379.075549636532,-2.87978447521529
4.03501,342,375.75354389663,-1.82518261970363
4.04478,279,372.460650353878,-5.59534277814235
4.05455,342,369.196613885291,-1.47062445147217
4.06432,279,365.961181603638,-5.20622976217555
4.07409,324,362.75410283785,-2.15300571321387
4.08386,315,359.575129113599,-2.51152400169541
4.09363,321,356.424014134047,-1.97717566379708
4.1034,357,353.300513760764,0.195797574786181
4.11317,363,350.20438599481,0.671595562758441
4.12294,402,347.135390957992,2.73639798706492
4.13271,291,344.093290874271,-3.11238383123304
4.14248,396,341.077850051348,2.75994187968662
4.15225,303,338.088834862395,-2.0158008931751
4.16202,351,335.126013727963,0.847290705089553
4.17179,294,332.189157098031,-2.22723687136101
4.18156,306,329.27803743423,-1.33071682828827
4.19133,300,326.392429192208,-1.52376760986895
4.2011,306,323.532108804157,-1.00224395149246
4.21087,294,320.696854661491,-1.55699218233086
4.22064,318,317.886447097681,0.00636773056369488
4.23041,318,315.100668371228,0.162586444289342
4.24018,303,312.339302648802,-0.536528918526841
4.24995,276,309.602135988511,-2.02261090324049
4.25972,300,306.888956323334,-0.397734078771237
4.26949,273,304.199553444683,-1.88828287516938
4.27926,339,301.533718986122,2.03488906078628
4.28903,288,298.891246407222,-0.641772849176666
4.2988,306,296.271930977557,0.556116691172524
4.30857,255,293.675569760847,-2.42195812558008
4.31834,261,291.101961599229,-1.86326464632047
4.32811,258,288.550907097674,-1.90201639687861
4.33788,267,286.022208608543,-1.1641402613585
4.34765,291,283.515670216267,0.438739181974401
4.35742,297,281.031097722172,0.926609692236612
4.36719,288,278.568298629434,0.555768333104468
4.37696,234,276.127082128161,-2.75393351054128
4.38673,276,273.707259080613,0.138006785742502
4.3965,210,271.308642006549,-4.23069823387691
4.40627,237,268.931045068695,-2.07414426376658
4.41604,204,266.574284058356,-4.38107618696139
4.42581,264,264.238176381136,-0.0146587429350767
4.43558,288,261.922541042795,1.53662900539611
4.44535,255,259.627198635225,-0.289766418505366
4.45512,282,257.351971322548,1.46776874819299
4.46489,198,255.096682827343,-4.0576845601062
4.47466,297,252.861158416985,2.56119535979039
4.48443,261,250.645224890106,0.640944488593043
4.4942,273,248.448710563179,1.48591163296845
4.50397,216,246.271445257217,-2.05971096268821
4.51374,243,244.113260284583,-0.0714156805535915
4.52351,258,241.973988435926,0.997735899427848
4.53328,264,239.853463967223,1.48611656113032
4.54305,216,237.75152258694,-1.48000365185074
4.55282,237,235.668001443301,0.0865226039354132
4.56259,222,233.602739111672,-0.778724861186705
4.57236,285,231.555575582054,3.16577448264511
4.58213,237,229.526352246685,0.485465589478839
4.5919,198,227.514911887756,-2.09753345254741
4.60167,207,225.521098665222,-1.28730534529068
4.61144,213,223.544758104737,-0.722514920122805
4.62121,243,221.585737085679,1.37372560645344
4.63098,204,219.64388382929,-1.09529094815011
4.64075,198,217.719047886916,-1.40137171178038
4.65052,189,215.811080128352,-1.95021911351906
4.66029,228,213.919832730285,0.932481857081269
4.67006,204,212.045159164843,-0.563273807568287
4.67983,234,210.186914188243,1.55671011837191
4.6896,225,208.344953829536,1.11033641136429
4.69937,192,206.519135379453,-1.047828339966
4.70914,198,204.709317379353,-0.476810423845056
4.71891,198,202.915359610255,-0.349319396683913
4.72868,195,201.137123081979,-0.439488512281612
4.73845,195,199.374470022381,-0.313262304906668
4.74822,171,197.62726386667,-2.03623776031243
4.75799,207,195.895369246836,0.771825191605394
4.76776,192,194.178651981156,-0.157230663473844
4.77753,177,192.476979063801,-1.16332098387888
4.7873,150,190.790218654531,-3.33050740667189
4.79707,174,189.118240068481,-1.14611082182713
4.80684,159,187.460913766032,-2.25709727931392
4.81661,222,185.818111342781,2.4283693661372
4.82638,201,184.189705519587,1.1857067513051
4.83615,165,182.575570132713,-1.36825627913543
4.84592,183,180.975580124051,0.149649423364498
4.85569,228,179.389611531429,3.21930162080619
4.86546,156,177.817541479015,-1.74680131880026
4.87523,180,176.259248167787,0.278819179459536
4.885,159,174.714610866104,-1.24624970663077
4.89477,129,173.183509900351,-3.89014113364111
4.90454,162,171.665826645662,-0.759419062991236
4.91431,186,170.161443516735,1.1613393071868
4.92408,228,168.670243958719,3.92920908067261
4.93385,177,167.192112438184,0.737205972893697
4.94362,174,165.726934434173,0.627179481985347
4.95339,180,164.274596429322,1.17210237858843
4.96316,165,162.834985901074,0.168546119010884
4.97293,141,161.407991312953,-1.71866290893123
4.9827,129,159.993502105929,-2.72882570193699
4.99247,159,158.591408689847,0.032403398642784
5.00224,114,157.20160243494,-4.04620078781584
5.01201,186,155.823975663413,2.21261345588731
5.02178,195,154.458421641096,2.90324272798464
5.03155,180,153.104834569179,2.00464727231397
5.04132,129,151.763109576012,-2.00418004569895
5.05109,159,150.433142708984,0.679395975926101
5.06086,126,149.114830926465,-2.05923280666759
5.07063,165,147.808072089823,1.33838977261734
5.0804,120,146.512764955515,-2.42027323799463
5.09017,192,145.228809167235,3.37541995220204
5.09994,111,143.956105248147,-3.12805508051397
5.10971,120,142.694554593174,-2.07171991386896
5.11948,153,141.444059461357,0.93424242047418
5.12925,141,140.204522968285,0.0669912510423147
5.13902,126,138.975849078588,-1.15598051320388
5.14879,132,137.757942598496,-0.501164575336808
5.15856,129,136.550709168463,-0.664802873077421
5.16833,114,135.354055255858,-1.99999051723681
5.1781,180,134.167888147718,3.41612392180256
5.18787,144,132.992115943563,0.917323671369743
5.19764,183,131.826647548279,3.78284306383674
5.20741,159,130.671392665058,2.24660469681627
5.21718,99,129.526261788401,-3.06800474558453
5.22695,111,128.391166197188,-1.65069644515214
5.23672,141,127.266017947798,1.15660993691547
5.24649,153,126.150729867302,2.17063483780105
5.25626,138,125.045215546704,1.10278448704404
5.26603,150,123.949389334246,2.12702345396675
5.2758,99,122.863166328778,-2.39833845522419
5.28557,120,121.786462373173,-0.163080956653489
5.29534,102,120.719194047811,-1.85347639929439
5.30511,105,119.661278664116,-1.43079429178295
5.31488,93,118.612634258146,-2.65590645004953
5.32465,144,117.573179584247,2.20223503464606
5.33442,144,116.542834108756,2.28809715760368
5.34419,105,115.52151800376,-1.02679501873991
5.35396,108,114.509152140917,-0.626343456792411
5.36373,126,113.505658085317,1.11308444566555
5.3735,96,112.510958089413,-1.6851426034808
5.38327,99,111.524975086992,-1.25880735976064
5.39304,96,110.547632687207,-1.48476154371215
5.40281,102,109.578855168658,-0.750418482382295
5.41258,132,108.618567473524,2.03509248354763
5.42235,117,107.666695201749,0.862864333836658
5.43212,87,106.723164605277,-2.11454519999861
5.44189,132,105.787902582339,2.28147023807443
5.45166,114,104.86083667179,0.855961070292958
5.46143,123,103.941895047492,1.71841145299818
5.4712,123,103.031006512752,1.80054350623234
5.48097,126,102.128100494805,2.126677836189
5.49074,105,101.233107039347,0.367611111509106
5.50051,114,100.345956805111,1.27881831270562
5.51028,114,99.4665810585031,1.36117939743787
5.52005,129,98.5949116682677,2.67701875785843
5.52982,93,97.7308811002155,-0.490569517443657
5.53959,96,96.8744224119884,-0.0892453637093929
5.54936,132,96.0254692478741,3.13118099371812
5.55913,111,95.1839558336637,1.50119247816527
5.5689,141,94.3498169715578,3.92865412555073
5.57867,93,93.5229880351129,-0.0542313329334015
5.58844,102,92.7034049642359,0.920500073271096
5.59821,99,91.8910042602207,0.714480954699487
5.60798,114,91.0857229808278,2.14611867388092
5.61775,90,90.2874987354086,-0.0303050276103112
5.62752,93,89.4962696800711,0.363319909312862
5.63729,105,88.7119745128885,1.58954852610596
5.64706,96,87.9345524691496,0.823176291573916
5.65683,96,87.1639433166512,0.901826258854731
5.6666,102,86.4000873510315,1.54462151800269
5.67637,102,85.6429253911441,1.61959172342448
5.68614,93,84.892398774473,0.840719083100866
5.69591,66,84.1484493525879,-2.23391968977296
5.70568,105,83.4110194866385,2.10686876578739
5.71545,81,82.6800520428891,-0.1866724492099
5.72522,66,81.9554903882921,-1.96398510120129
5.73499,105,81.2372783861003,2.31900417564604
5.74476,102,80.5253603915173,2.12630616446487
5.75453,81,79.8196812473868,0.131146528068135
5.7643,96,79.1201862799186,1.72278877364293
5.77407,93,78.4268212944531,1.51116823563262
5.78384,120,77.7395325712624,3.85783521690532
5.79361,87,77.0582668613884,1.06586567159178
5.80338,78,76.3829713825164,0.183092436713128
5.81315,111,75.7135938148869,3.34923745719705
5.82292,78,75.0500822972413,0.33401240674503
5.83269,75,74.3923854228038,0.0701612879415486
5.84246,93,73.7404522352993,1.9971220694348
5.85223,69,73.0942322250044,-0.492887639138407
5.862,84,72.4536753248349,1.25980730529715
5.87177,84,71.8187319064665,1.32908531188495
5.88154,81,71.1893527764895,1.09007191372339
5.89131,69,70.5654891725979,-0.188462749539731
5.90108,72,69.9470927598111,0.241937438447419
5.91085,72,69.3341156267294,0.314177486366482
5.92062,75,68.7265102818215,0.724400195509739
5.93039,63,68.1242296497455,-0.6455922530481
5.94016,63,67.5272270677011,-0.570376997612252
5.94993,57,66.9354562818151,-1.31598333274692
5.9597,96,66.3488714435569,3.02625563587303
5.96947,72,65.767427106187,0.734515759575768
5.97924,81,65.1910782212356,1.75654686430715
5.98901,69,64.6197801350124,0.527316505149766
5.99878,66,64.053488585147,0.239598992262545
6.00855,81,63.4921596971597,1.94531558920447
6.01832,63,62.9357499810622,0.0080947415162139
6.02809,81,62.3842163279881,2.06842040800132
6.03786,45,61.8375160068526,-2.50998869090421
6.04763,60,61.2956066610427,-0.167262100715124
6.0574,72,60.7584463051347,1.32482980811866
6.06717,90,60.2259933216417,3.13845587242255
6.07694,90,59.6982064577893,3.19408949271892
6.08671,63,59.175044822319,0.481899056005369
6.09648,84,58.6564678823205,2.76520605492406
6.10625,93,58.1424354600915,3.61456106238333
6.11602,66,57.6329077300242,1.02991786267298
6.12579,87,57.1278452155202,3.20263115870556
6.13556,48,56.627208785932,-1.24523032872824
6.14533,72,56.1309596535312,1.87018433998517
6.1551,84,55.639059370503,3.09443231463854
6.16487,66,55.1514698259681,1.33536175405586
6.17464,90,54.6681532430295,3.72430365640201
6.18441,42,54.1890721758455,-1.88081466966269
6.19418,78,53.7141895067292,2.74982654771184
6.20395,42,53.2434684432719,-1.73490484598993
6.21372,42,52.7768725154932,-1.66290753125499
6.22349,72,52.3143655730152,2.31997426588005
6.23326,66,51.8559117822615,1.74101690726464
6.24303,45,51.4014756236813,-0.954275643390613
6.2528,45,50.9510218889968,-0.887125965292408
6.26257,54,50.5045156784764,0.475675166201746
6.27234,57,50.0619223982299,0.918970827937273
6.28211,54,49.6232077575285,0.595605983568157
6.29188,45,49.1883377661483,-0.624360530522485
6.30165,60,48.7572787317367,1.4514290746012
6.31142,78,48.3299972572017,3.35946627086777
6.32119,69,47.9064602381251,2.53936377883191
6.33096,66,47.486634860197,2.27883771810316
6.34073,57,47.0704885966739,1.31519591435518
6.3505,51,46.6579892058582,0.608003123967135
6.36027,72,46.249104728601,3.03477211133848
6.37004,42,45.8438034858247,-0.593111754458724
6.37981,45,45.4420540760701,-0.0658975309215812
6.38958,27,45.0438253730625,-3.47253581211608
6.39935,48,44.6490865233004,0.483662699450918
6.40912,45,44.2578069436651,0.110639608426213
6.41889,93,43.8699563190513,5.09454820571396
6.42866,78,43.4855046000183,3.90799704864886
6.43843,51,43.1044220004618,1.10560206246431
6.4482,63,42.7266789953061,2.55419836322867
6.45797,48,42.3522463182172,0.8151830271235
6.46774,51,41.9810949593343,1.2628993108184
6.47751,63,41.613196163023,2.6944840138649
6.48728,66,41.2485214256474,3.04669640166007
6.49705,51,40.887042493361,1.41609729871681
6.50682,27,40.5287313599186,-2.60360556414771
6.51659,36,40.1735602645058,-0.695593377417631
6.52636,60,39.8215016895886,2.6050329302566
6.53613,51,39.4725283587811,1.61416889583965
6.5459,42,39.1266132347324,0.443373203617526
6.55567,30,38.783729517032,-1.60368226516745
6.56544,30,38.4438506401328,-1.54162915593506
6.57521,51,38.1069502712936,1.80538807574903
6.58498,33,37.7730023085384,-0.830873053741504
6.59475,36,37.4419808786345,-0.240330146439081
6.60452,51,37.1138603350874,1.94444848168085
6.61429,39,36.7886152561545,0.354104956384722
6.62406,48,36.4662204428746,1.66475768302003
6.63383,36,36.1466509171167,-0.0244418195194562
6.6436,66,35.8298819196437,3.71368481753359
6.65337,33,35.5158889081946,-0.437960043783453
6.66314,30,35.2046475555833,-0.950234290019027
6.67291,63,34.8961337478133,3.54075433250986
6.68268,60,34.5903235822096,3.28037511995405
6.69245,30,34.2871933655671,-0.782730838235872
6.70222,30,33.9867196123146,-0.727872087370985
6.71199,33,33.6888790426951,-0.119918448989372
6.72176,39,33.3936485809626,0.897734702312988
6.73153,57,33.1010053535938,3.16549917104893
6.7413,48,32.8109266875162,2.19235389142587
6.75107,15,32.5233901083516,-4.52451987058277
6.76084,51,32.2383733386744,2.62715321578232
6.77061,42,31.9558542962859,1.54984532959044
6.78038,24,31.6758110925036,-1.56681837821908
6.79015,27,31.3982220304651,-0.846438224414914
6.79992,21,31.1230656034469,-2.20903401870472
6.80969,33,30.8503204931987,0.374211169599976
6.81946,36,30.5799655682912,0.903339071951462
6.82923,36,30.3119798824793,0.948003352920119
6.839,39,30.0463426730788,1.43373261756328
6.84877,30,29.7830333593582,0.0396125077685379
6.85854,24,29.5220315409441,-1.12717996823898
6.86831,45,29.2633169962402,2.34588619578484
6.87808,51,29.0068696808612,3.07965423713226
6.88785,27,28.7526697260796,-0.337301446050854
6.89762,24,28.5006974372862,-0.918701017333581
6.90739,30,28.2509332924642,0.319334430099557
6.91716,39,28.0033579406771,1.76087199101475
6.92693,30,27.7579522005689,0.409340051584417
6.9367,39,27.5146970588784,1.83912035585394
6.94647,18,27.273573668966,-2.18580227571962
6.95624,39,27.0345633493534,1.91600328033977
6.96601,33,26.7976475822763,1.0796909702885
6.97578,33,26.5628080122498,1.12057129216436
6.98555,30,26.3300264446461,0.670042433904918
6.99532,36,26.099284844285,1.65011919261916
7.00509,33,25.8705653340365,1.24107527494022
7.01486,39,25.6438501934356,2.13869561046933
7.02463,18,25.4191218573098,-1.7487037919177
7.0344,27,25.1963629144178,0.347110118960432
7.04417,27,24.9755561061005,0.389604409034057
7.05394,51,24.7566843249443,3.67479922786406
7.06371,33,24.5397306134552,1.47274386356347
7.07348,24,24.3246781627452,-0.0662746524458439
7.08325,27,24.1115103112301,0.555890099787578
7.09302,30,23.9002105433384,1.11366409381524
7.10279,27,23.6907624882319,0.636863056077249
7.11256,36,23.4831499185368,2.08614168024386
7.12233,15,23.2773567490877,-2.13720432265563
7.1321,36,23.07336703568,2.15443882738666
7.14187,39,22.8711649738354,2.58268057576657
7.15164,39,22.670734897577,2.61477507384483
7.16141,33,22.472061278216,1.83267889473338
7.17118,30,22.2751287231481,1.41036208405184
7.18095,30,22.0799219746614,1.44600179722631
7.19072,30,21.8864259087538,1.48132918392167
7.20049,48,21.6946255339617,3.79685375727528
7.21026,24,21.504505990198,0.509390581682229
7.22003,24,21.3160525476014,0.547858479568277
7.2298,21,21.1292506053947,-0.0282047944209559
7.23957,57,20.9440856907536,4.77572251661613
7.24934,33,20.7605434576858,2.13061590505768
7.25911,15,20.5786096859191,-1.44039082723707
7.26888,12,20.3982702797997,-2.4243718033848
7.27865,30,20.2195112672004,1.78566476745982
7.28842,30,20.0423187984377,1.81801553818027
7.29819,15,19.8666791451992,-1.2565711520461
7.30796,9,19.6925786994795,-3.56419289982651
7.31773,33,19.5200039725264,2.34656611075473
7.3275,30,19.3489415937952,1.94460831679447
7.33727,21,19.1793783099135,0.397292224128565
7.34704,27,19.0113009836539,1.53742584252077
7.35681,27,18.8446965929163,1.56948887246761
7.36658,27,18.679552229719,1.60127091998331
7.37635,36,18.5158550991987,2.91402415013355
7.38612,15,18.3535925186188,-0.865893864971771
7.39589,24,18.1927519163876,1.18539955121716
7.40566,27,18.0333208310833,1.72563821063701
7.41543,9,17.8752869104894,-2.95842897016313
7.4252,15,17.718637910637,-0.701949290151025
7.43497,27,17.5633616948568,1.81608188857319
7.44474,27,17.4094462328381,1.8457029330495
7.45451,30,17.2568795996974,2.32656483208334
7.46428,18,17.105649975054,0.21080032246455
7.47405,27,16.9557456421147,1.93301765244472
7.48382,21,16.8071549867652,0.914953792874591
7.49359,18,16.6598664966714,0.31587249596631
7.50336,21,16.5138687603863,0.978954094430272
7.51313,21,16.3691504664668,1.01053421520794
7.5229,18,16.2257004025968,0.418206425726793
7.53267,24,16.0835074547186,1.61594727404052
7.54244,6,15.942560606172,-4.05903337030307
7.55221,24,15.8028489368406,1.67323645410443
7.56198,18,15.6643616223057,0.550515245089056
7.57175,21,15.5270879330079,1.19428732470612
7.58152,15,15.3910172334155,-0.100960215539887
7.59129,15,15.2561389812007,-0.0661348005669882
7.60106,21,15.1224427264227,1.28258814798125
7.61083,24,14.9899181107183,1.83917526411933
7.6206,27,14.858554866499,2.33662220539262
7.63037,21,14.7283428161558,1.3685877989419
7.64014,27,14.5992718712704,2.3865212410898
7.64991,3,14.471332031834,-6.62297663654296
7.65968,21,14.3445133854722,1.45234624751615
7.66945,30,14.2188061066769,2.88123862657862
7.67922,30,14.0942004560454,2.90398840179311
7.68899,15,13.9706867795257,0.265767530728531
7.69876,21,13.8482555076686,1.56063859462345
7.70853,21,13.7268971548858,1.58712115833022
7.7183,21,13.6066023187158,1.61337164368552
7.72807,6,13.4873616790948,-3.05670260557508
7.73784,18,13.3691659976348,1.09149804187388
7.74761,15,13.2520061169081,0.451330079899167
7.75738,15,13.1358729597372,0.481315532143529
7.76715,27,13.0207575284921,2.69030646799738
7.77692,27,12.906650904393,2.71226629804402
7.78669,39,12.7935442468193,4.19639137753153
7.79646,18,12.6814287926245,1.25359925565291
7.80623,15,12.5702958554576,0.627346912534919
7.816,12,12.4601368250898,-0.132830059914833
7.82577,27,12.3509431667476,2.81921230201747
7.83554,21,12.2427064204513,1.91099812910633
7.84531,15,12.1354182003598,0.739631840257016
7.85508,9,12.0290701941211,-1.00969006470702
7.86485,12,11.9236541622275,0.0220391449947323
7.87462,15,11.8191619373781,0.821288856234488
7.88439,24,11.7155854238455,2.50754562503222
7.89416,15,11.6129165968487,0.874541174174693
7.90393,15,11.5111475019316,0.90081784149288
7.9137,9,11.4102702543461,-0.803423418115366
7.92347,12,11.310277038442,0.199105868760886
7.93324,6,11.2111601070608,-2.12744720504107
7.94301,21,11.1129117809361,2.15753953174127
7.95278,9,11.0155244480978,-0.671841482699272
7.96255,18,10.9189905632833,1.66900993011611
7.97232,9,10.8233026473522,-0.607767549117389
7.98209,21,10.7284532867071,2.24143525323522
7.99186,6,10.6344351327193,-1.89200022019834
8.00163,15,10.5412409011595,1.15124664897068
8.0114,9,10.4488633716329,-0.482954457210973
8.02117,9,10.3572953870206,-0.452431795673536
8.03094,21,10.2665298529245,2.34223521040583
8.04071,18,10.1765597371177,1.84400255403064
8.05048,12,10.0873780690002,0.55212639336036
8.06025,12,9.99897793905799,0.577645312769625
8.07002,15,9.91135249832841,1.31388313524627
8.07979,15,9.82449495786923,1.336309655759
8.08956,12,9.73839858823268,0.65286809194175
8.09933,15,9.65305671894413,1.38057481870967
8.1091,12,9.56846273798524,0.701924346384415
8.11887,24,9.48461009128167,2.96294155782533
8.12864,21,9.40149228219537,2.5310018840652
8.13841,21,9.31910287102115,2.54898072754942
8.14818,12,9.23743547448778,0.797483686229096
8.15795,15,9.15648376526346,1.50878940402849
8.16772,12,9.07624147146557,0.844016386747409
8.17749,9,8.99670237617478,0.00109920794173964
8.18726,9,8.91786031695333,0.0273798943488887
8.19703,3,8.83970918536763,-3.37155767016113
8.2068,6,8.76224292651497,-1.12768095259563
8.21657,15,8.68545553855441,1.63040836920434
8.22634,18,8.6093410722418,2.21339953587594
8.23611,9,8.53389363046882,0.155368789843727
8.24588,6,8.45910736780609,-1.00392637897393
8.25565,6,8.38497649005033,-0.973662574859551
8.26542,21,8.3114952537754,2.76885873597051
8.27519,12,8.23865796588731,1.08580591795461
8.28496,18,8.16645898318316,2.31778784535575
8.29473,15,8.09489271191395,1.78289103536885
8.3045,6,8.02395360735114,-0.826275600179273
8.31427,6,7.95363617335708,-0.79756862796139
8.32404,6,7.88393496195919,-0.769113227564944
8.33381,6,7.81484457292788,-0.740907194355427
8.34358,6,7.74635965335814,-0.712948343018524
8.35335,9,7.67847489725484,0.440508367581722
8.36312,15,7.61118504512157,1.90778381789683
8.37289,6,7.54448488355326,-0.630533313357898
8.38266,12,7.47836924483216,1.30528236683612
